/*--------------------------------*- C++ -*----------------------------------*\
  =========                 |
  \\      /  F ield         | OpenFOAM: The Open Source CFD Toolbox
   \\    /   O peration     | Website:  https://openfoam.org
    \\  /    A nd           | Version:  8
     \\/     M anipulation  |
\*---------------------------------------------------------------------------*/
FoamFile
{
    version     2.0;
    format      ascii;
    class       labelList;
    note        "nPoints: 10642 nCells: 5136 nFaces: 20728 nInternalFaces: 10088";
    location    "constant/polyMesh";
    object      neighbour;
}
// * * * * * * * * * * * * * * * * * * * * * * * * * * * * * * * * * * * * * //


10088
(
1
12
2
13
3
14
4
15
5
16
6
17
7
18
8
19
9
20
10
21
11
22
23
2160
13
24
14
25
15
26
16
27
17
28
18
29
19
30
20
31
21
32
22
33
23
34
35
2280
25
36
26
37
27
38
28
39
29
40
30
41
31
42
32
43
33
44
34
45
35
46
47
2400
37
48
38
49
39
50
40
51
41
52
42
53
43
54
44
55
45
56
46
57
47
58
59
2520
49
60
50
61
51
62
52
63
53
64
54
65
55
66
56
67
57
68
58
69
59
70
71
2640
61
72
62
73
63
74
64
75
65
76
66
77
67
78
68
79
69
80
70
81
71
82
83
2760
73
84
74
85
75
86
76
87
77
88
78
89
79
90
80
91
81
92
82
93
83
94
95
2880
85
96
86
97
87
98
88
99
89
100
90
101
91
102
92
103
93
104
94
105
95
106
107
3000
97
108
98
109
99
110
100
111
101
112
102
113
103
114
104
115
105
116
106
117
107
118
119
3120
109
120
110
121
111
122
112
123
113
124
114
125
115
126
116
127
117
128
118
129
119
130
131
3240
121
132
122
133
123
134
124
135
125
136
126
137
127
138
128
139
129
140
130
141
131
142
143
3360
133
144
134
145
135
146
136
147
137
148
138
149
139
150
140
151
141
152
142
153
143
154
155
3480
145
156
146
157
147
158
148
159
149
160
150
161
151
162
152
163
153
164
154
165
155
166
167
3600
157
168
158
169
159
170
160
171
161
172
162
173
163
174
164
175
165
176
166
177
167
178
179
3720
169
180
170
181
171
182
172
183
173
184
174
185
175
186
176
187
177
188
178
189
179
190
191
3840
181
192
182
193
183
194
184
195
185
196
186
197
187
198
188
199
189
200
190
201
191
202
203
3960
193
204
194
205
195
206
196
207
197
208
198
209
199
210
200
211
201
212
202
213
203
214
215
4080
205
216
206
217
207
218
208
219
209
220
210
221
211
222
212
223
213
224
214
225
215
226
227
4200
217
228
218
229
219
230
220
231
221
232
222
233
223
234
224
235
225
236
226
237
227
238
239
4320
229
230
231
232
233
234
235
236
237
238
239
4440
241
360
242
361
243
362
244
363
245
364
246
365
247
366
248
367
249
368
250
369
251
370
252
371
253
372
254
373
255
374
256
375
257
376
258
377
259
378
260
379
261
380
262
381
263
382
264
383
265
384
266
385
267
386
268
387
269
388
270
389
271
390
272
391
273
392
274
393
275
394
276
395
277
396
278
397
279
398
280
399
281
400
282
401
283
402
284
403
285
404
286
405
287
406
288
407
289
408
290
409
291
410
292
411
293
412
294
413
295
414
296
415
297
416
298
417
299
418
300
419
301
420
302
421
303
422
304
423
305
424
306
425
307
426
308
427
309
428
310
429
311
430
312
431
313
432
314
433
315
434
316
435
317
436
318
437
319
438
320
439
321
440
322
441
323
442
324
443
325
444
326
445
327
446
328
447
329
448
330
449
331
450
332
451
333
452
334
453
335
454
336
455
337
456
338
457
339
458
340
459
341
460
342
461
343
462
344
463
345
464
346
465
347
466
348
467
349
468
350
469
351
470
352
471
353
472
354
473
355
474
356
475
357
476
358
477
359
478
479
4560
361
480
362
481
363
482
364
483
365
484
366
485
367
486
368
487
369
488
370
489
371
490
372
491
373
492
374
493
375
494
376
495
377
496
378
497
379
498
380
499
381
500
382
501
383
502
384
503
385
504
386
505
387
506
388
507
389
508
390
509
391
510
392
511
393
512
394
513
395
514
396
515
397
516
398
517
399
518
400
519
401
520
402
521
403
522
404
523
405
524
406
525
407
526
408
527
409
528
410
529
411
530
412
531
413
532
414
533
415
534
416
535
417
536
418
537
419
538
420
539
421
540
422
541
423
542
424
543
425
544
426
545
427
546
428
547
429
548
430
549
431
550
432
551
433
552
434
553
435
554
436
555
437
556
438
557
439
558
440
559
441
560
442
561
443
562
444
563
445
564
446
565
447
566
448
567
449
568
450
569
451
570
452
571
453
572
454
573
455
574
456
575
457
576
458
577
459
578
460
579
461
580
462
581
463
582
464
583
465
584
466
585
467
586
468
587
469
588
470
589
471
590
472
591
473
592
474
593
475
594
476
595
477
596
478
597
479
598
599
4576
481
600
482
601
483
602
484
603
485
604
486
605
487
606
488
607
489
608
490
609
491
610
492
611
493
612
494
613
495
614
496
615
497
616
498
617
499
618
500
619
501
620
502
621
503
622
504
623
505
624
506
625
507
626
508
627
509
628
510
629
511
630
512
631
513
632
514
633
515
634
516
635
517
636
518
637
519
638
520
639
521
640
522
641
523
642
524
643
525
644
526
645
527
646
528
647
529
648
530
649
531
650
532
651
533
652
534
653
535
654
536
655
537
656
538
657
539
658
540
659
541
660
542
661
543
662
544
663
545
664
546
665
547
666
548
667
549
668
550
669
551
670
552
671
553
672
554
673
555
674
556
675
557
676
558
677
559
678
560
679
561
680
562
681
563
682
564
683
565
684
566
685
567
686
568
687
569
688
570
689
571
690
572
691
573
692
574
693
575
694
576
695
577
696
578
697
579
698
580
699
581
700
582
701
583
702
584
703
585
704
586
705
587
706
588
707
589
708
590
709
591
710
592
711
593
712
594
713
595
714
596
715
597
716
598
717
599
718
719
4592
601
720
602
721
603
722
604
723
605
724
606
725
607
726
608
727
609
728
610
729
611
730
612
731
613
732
614
733
615
734
616
735
617
736
618
737
619
738
620
739
621
740
622
741
623
742
624
743
625
744
626
745
627
746
628
747
629
748
630
749
631
750
632
751
633
752
634
753
635
754
636
755
637
756
638
757
639
758
640
759
641
760
642
761
643
762
644
763
645
764
646
765
647
766
648
767
649
768
650
769
651
770
652
771
653
772
654
773
655
774
656
775
657
776
658
777
659
778
660
779
661
780
662
781
663
782
664
783
665
784
666
785
667
786
668
787
669
788
670
789
671
790
672
791
673
792
674
793
675
794
676
795
677
796
678
797
679
798
680
799
681
800
682
801
683
802
684
803
685
804
686
805
687
806
688
807
689
808
690
809
691
810
692
811
693
812
694
813
695
814
696
815
697
816
698
817
699
818
700
819
701
820
702
821
703
822
704
823
705
824
706
825
707
826
708
827
709
828
710
829
711
830
712
831
713
832
714
833
715
834
716
835
717
836
718
837
719
838
839
4608
721
840
722
841
723
842
724
843
725
844
726
845
727
846
728
847
729
848
730
849
731
850
732
851
733
852
734
853
735
854
736
855
737
856
738
857
739
858
740
859
741
860
742
861
743
862
744
863
745
864
746
865
747
866
748
867
749
868
750
869
751
870
752
871
753
872
754
873
755
874
756
875
757
876
758
877
759
878
760
879
761
880
762
881
763
882
764
883
765
884
766
885
767
886
768
887
769
888
770
889
771
890
772
891
773
892
774
893
775
894
776
895
777
896
778
897
779
898
780
899
781
900
782
901
783
902
784
903
785
904
786
905
787
906
788
907
789
908
790
909
791
910
792
911
793
912
794
913
795
914
796
915
797
916
798
917
799
918
800
919
801
920
802
921
803
922
804
923
805
924
806
925
807
926
808
927
809
928
810
929
811
930
812
931
813
932
814
933
815
934
816
935
817
936
818
937
819
938
820
939
821
940
822
941
823
942
824
943
825
944
826
945
827
946
828
947
829
948
830
949
831
950
832
951
833
952
834
953
835
954
836
955
837
956
838
957
839
958
959
4624
841
960
842
961
843
962
844
963
845
964
846
965
847
966
848
967
849
968
850
969
851
970
852
971
853
972
854
973
855
974
856
975
857
976
858
977
859
978
860
979
861
980
862
981
863
982
864
983
865
984
866
985
867
986
868
987
869
988
870
989
871
990
872
991
873
992
874
993
875
994
876
995
877
996
878
997
879
998
880
999
881
1000
882
1001
883
1002
884
1003
885
1004
886
1005
887
1006
888
1007
889
1008
890
1009
891
1010
892
1011
893
1012
894
1013
895
1014
896
1015
897
1016
898
1017
899
1018
900
1019
901
1020
902
1021
903
1022
904
1023
905
1024
906
1025
907
1026
908
1027
909
1028
910
1029
911
1030
912
1031
913
1032
914
1033
915
1034
916
1035
917
1036
918
1037
919
1038
920
1039
921
1040
922
1041
923
1042
924
1043
925
1044
926
1045
927
1046
928
1047
929
1048
930
1049
931
1050
932
1051
933
1052
934
1053
935
1054
936
1055
937
1056
938
1057
939
1058
940
1059
941
1060
942
1061
943
1062
944
1063
945
1064
946
1065
947
1066
948
1067
949
1068
950
1069
951
1070
952
1071
953
1072
954
1073
955
1074
956
1075
957
1076
958
1077
959
1078
1079
4640
961
1080
962
1081
963
1082
964
1083
965
1084
966
1085
967
1086
968
1087
969
1088
970
1089
971
1090
972
1091
973
1092
974
1093
975
1094
976
1095
977
1096
978
1097
979
1098
980
1099
981
1100
982
1101
983
1102
984
1103
985
1104
986
1105
987
1106
988
1107
989
1108
990
1109
991
1110
992
1111
993
1112
994
1113
995
1114
996
1115
997
1116
998
1117
999
1118
1000
1119
1001
1120
1002
1121
1003
1122
1004
1123
1005
1124
1006
1125
1007
1126
1008
1127
1009
1128
1010
1129
1011
1130
1012
1131
1013
1132
1014
1133
1015
1134
1016
1135
1017
1136
1018
1137
1019
1138
1020
1139
1021
1140
1022
1141
1023
1142
1024
1143
1025
1144
1026
1145
1027
1146
1028
1147
1029
1148
1030
1149
1031
1150
1032
1151
1033
1152
1034
1153
1035
1154
1036
1155
1037
1156
1038
1157
1039
1158
1040
1159
1041
1160
1042
1161
1043
1162
1044
1163
1045
1164
1046
1165
1047
1166
1048
1167
1049
1168
1050
1169
1051
1170
1052
1171
1053
1172
1054
1173
1055
1174
1056
1175
1057
1176
1058
1177
1059
1178
1060
1179
1061
1180
1062
1181
1063
1182
1064
1183
1065
1184
1066
1185
1067
1186
1068
1187
1069
1188
1070
1189
1071
1190
1072
1191
1073
1192
1074
1193
1075
1194
1076
1195
1077
1196
1078
1197
1079
1198
1199
4656
1081
1200
1082
1201
1083
1202
1084
1203
1085
1204
1086
1205
1087
1206
1088
1207
1089
1208
1090
1209
1091
1210
1092
1211
1093
1212
1094
1213
1095
1214
1096
1215
1097
1216
1098
1217
1099
1218
1100
1219
1101
1220
1102
1221
1103
1222
1104
1223
1105
1224
1106
1225
1107
1226
1108
1227
1109
1228
1110
1229
1111
1230
1112
1231
1113
1232
1114
1233
1115
1234
1116
1235
1117
1236
1118
1237
1119
1238
1120
1239
1121
1240
1122
1241
1123
1242
1124
1243
1125
1244
1126
1245
1127
1246
1128
1247
1129
1248
1130
1249
1131
1250
1132
1251
1133
1252
1134
1253
1135
1254
1136
1255
1137
1256
1138
1257
1139
1258
1140
1259
1141
1260
1142
1261
1143
1262
1144
1263
1145
1264
1146
1265
1147
1266
1148
1267
1149
1268
1150
1269
1151
1270
1152
1271
1153
1272
1154
1273
1155
1274
1156
1275
1157
1276
1158
1277
1159
1278
1160
1279
1161
1280
1162
1281
1163
1282
1164
1283
1165
1284
1166
1285
1167
1286
1168
1287
1169
1288
1170
1289
1171
1290
1172
1291
1173
1292
1174
1293
1175
1294
1176
1295
1177
1296
1178
1297
1179
1298
1180
1299
1181
1300
1182
1301
1183
1302
1184
1303
1185
1304
1186
1305
1187
1306
1188
1307
1189
1308
1190
1309
1191
1310
1192
1311
1193
1312
1194
1313
1195
1314
1196
1315
1197
1316
1198
1317
1199
1318
1319
4672
1201
1320
1202
1321
1203
1322
1204
1323
1205
1324
1206
1325
1207
1326
1208
1327
1209
1328
1210
1329
1211
1330
1212
1331
1213
1332
1214
1333
1215
1334
1216
1335
1217
1336
1218
1337
1219
1338
1220
1339
1221
1340
1222
1341
1223
1342
1224
1343
1225
1344
1226
1345
1227
1346
1228
1347
1229
1348
1230
1349
1231
1350
1232
1351
1233
1352
1234
1353
1235
1354
1236
1355
1237
1356
1238
1357
1239
1358
1240
1359
1241
1360
1242
1361
1243
1362
1244
1363
1245
1364
1246
1365
1247
1366
1248
1367
1249
1368
1250
1369
1251
1370
1252
1371
1253
1372
1254
1373
1255
1374
1256
1375
1257
1376
1258
1377
1259
1378
1260
1379
1261
1380
1262
1381
1263
1382
1264
1383
1265
1384
1266
1385
1267
1386
1268
1387
1269
1388
1270
1389
1271
1390
1272
1391
1273
1392
1274
1393
1275
1394
1276
1395
1277
1396
1278
1397
1279
1398
1280
1399
1281
1400
1282
1401
1283
1402
1284
1403
1285
1404
1286
1405
1287
1406
1288
1407
1289
1408
1290
1409
1291
1410
1292
1411
1293
1412
1294
1413
1295
1414
1296
1415
1297
1416
1298
1417
1299
1418
1300
1419
1301
1420
1302
1421
1303
1422
1304
1423
1305
1424
1306
1425
1307
1426
1308
1427
1309
1428
1310
1429
1311
1430
1312
1431
1313
1432
1314
1433
1315
1434
1316
1435
1317
1436
1318
1437
1319
1438
1439
4688
1321
1440
1322
1441
1323
1442
1324
1443
1325
1444
1326
1445
1327
1446
1328
1447
1329
1448
1330
1449
1331
1450
1332
1451
1333
1452
1334
1453
1335
1454
1336
1455
1337
1456
1338
1457
1339
1458
1340
1459
1341
1460
1342
1461
1343
1462
1344
1463
1345
1464
1346
1465
1347
1466
1348
1467
1349
1468
1350
1469
1351
1470
1352
1471
1353
1472
1354
1473
1355
1474
1356
1475
1357
1476
1358
1477
1359
1478
1360
1479
1361
1480
1362
1481
1363
1482
1364
1483
1365
1484
1366
1485
1367
1486
1368
1487
1369
1488
1370
1489
1371
1490
1372
1491
1373
1492
1374
1493
1375
1494
1376
1495
1377
1496
1378
1497
1379
1498
1380
1499
1381
1500
1382
1501
1383
1502
1384
1503
1385
1504
1386
1505
1387
1506
1388
1507
1389
1508
1390
1509
1391
1510
1392
1511
1393
1512
1394
1513
1395
1514
1396
1515
1397
1516
1398
1517
1399
1518
1400
1519
1401
1520
1402
1521
1403
1522
1404
1523
1405
1524
1406
1525
1407
1526
1408
1527
1409
1528
1410
1529
1411
1530
1412
1531
1413
1532
1414
1533
1415
1534
1416
1535
1417
1536
1418
1537
1419
1538
1420
1539
1421
1540
1422
1541
1423
1542
1424
1543
1425
1544
1426
1545
1427
1546
1428
1547
1429
1548
1430
1549
1431
1550
1432
1551
1433
1552
1434
1553
1435
1554
1436
1555
1437
1556
1438
1557
1439
1558
1559
4704
1441
1560
1442
1561
1443
1562
1444
1563
1445
1564
1446
1565
1447
1566
1448
1567
1449
1568
1450
1569
1451
1570
1452
1571
1453
1572
1454
1573
1455
1574
1456
1575
1457
1576
1458
1577
1459
1578
1460
1579
1461
1580
1462
1581
1463
1582
1464
1583
1465
1584
1466
1585
1467
1586
1468
1587
1469
1588
1470
1589
1471
1590
1472
1591
1473
1592
1474
1593
1475
1594
1476
1595
1477
1596
1478
1597
1479
1598
1480
1599
1481
1600
1482
1601
1483
1602
1484
1603
1485
1604
1486
1605
1487
1606
1488
1607
1489
1608
1490
1609
1491
1610
1492
1611
1493
1612
1494
1613
1495
1614
1496
1615
1497
1616
1498
1617
1499
1618
1500
1619
1501
1620
1502
1621
1503
1622
1504
1623
1505
1624
1506
1625
1507
1626
1508
1627
1509
1628
1510
1629
1511
1630
1512
1631
1513
1632
1514
1633
1515
1634
1516
1635
1517
1636
1518
1637
1519
1638
1520
1639
1521
1640
1522
1641
1523
1642
1524
1643
1525
1644
1526
1645
1527
1646
1528
1647
1529
1648
1530
1649
1531
1650
1532
1651
1533
1652
1534
1653
1535
1654
1536
1655
1537
1656
1538
1657
1539
1658
1540
1659
1541
1660
1542
1661
1543
1662
1544
1663
1545
1664
1546
1665
1547
1666
1548
1667
1549
1668
1550
1669
1551
1670
1552
1671
1553
1672
1554
1673
1555
1674
1556
1675
1557
1676
1558
1677
1559
1678
1679
4720
1561
1680
1562
1681
1563
1682
1564
1683
1565
1684
1566
1685
1567
1686
1568
1687
1569
1688
1570
1689
1571
1690
1572
1691
1573
1692
1574
1693
1575
1694
1576
1695
1577
1696
1578
1697
1579
1698
1580
1699
1581
1700
1582
1701
1583
1702
1584
1703
1585
1704
1586
1705
1587
1706
1588
1707
1589
1708
1590
1709
1591
1710
1592
1711
1593
1712
1594
1713
1595
1714
1596
1715
1597
1716
1598
1717
1599
1718
1600
1719
1601
1720
1602
1721
1603
1722
1604
1723
1605
1724
1606
1725
1607
1726
1608
1727
1609
1728
1610
1729
1611
1730
1612
1731
1613
1732
1614
1733
1615
1734
1616
1735
1617
1736
1618
1737
1619
1738
1620
1739
1621
1740
1622
1741
1623
1742
1624
1743
1625
1744
1626
1745
1627
1746
1628
1747
1629
1748
1630
1749
1631
1750
1632
1751
1633
1752
1634
1753
1635
1754
1636
1755
1637
1756
1638
1757
1639
1758
1640
1759
1641
1760
1642
1761
1643
1762
1644
1763
1645
1764
1646
1765
1647
1766
1648
1767
1649
1768
1650
1769
1651
1770
1652
1771
1653
1772
1654
1773
1655
1774
1656
1775
1657
1776
1658
1777
1659
1778
1660
1779
1661
1780
1662
1781
1663
1782
1664
1783
1665
1784
1666
1785
1667
1786
1668
1787
1669
1788
1670
1789
1671
1790
1672
1791
1673
1792
1674
1793
1675
1794
1676
1795
1677
1796
1678
1797
1679
1798
1799
4736
1681
1800
1682
1801
1683
1802
1684
1803
1685
1804
1686
1805
1687
1806
1688
1807
1689
1808
1690
1809
1691
1810
1692
1811
1693
1812
1694
1813
1695
1814
1696
1815
1697
1816
1698
1817
1699
1818
1700
1819
1701
1820
1702
1821
1703
1822
1704
1823
1705
1824
1706
1825
1707
1826
1708
1827
1709
1828
1710
1829
1711
1830
1712
1831
1713
1832
1714
1833
1715
1834
1716
1835
1717
1836
1718
1837
1719
1838
1720
1839
1721
1840
1722
1841
1723
1842
1724
1843
1725
1844
1726
1845
1727
1846
1728
1847
1729
1848
1730
1849
1731
1850
1732
1851
1733
1852
1734
1853
1735
1854
1736
1855
1737
1856
1738
1857
1739
1858
1740
1859
1741
1860
1742
1861
1743
1862
1744
1863
1745
1864
1746
1865
1747
1866
1748
1867
1749
1868
1750
1869
1751
1870
1752
1871
1753
1872
1754
1873
1755
1874
1756
1875
1757
1876
1758
1877
1759
1878
1760
1879
1761
1880
1762
1881
1763
1882
1764
1883
1765
1884
1766
1885
1767
1886
1768
1887
1769
1888
1770
1889
1771
1890
1772
1891
1773
1892
1774
1893
1775
1894
1776
1895
1777
1896
1778
1897
1779
1898
1780
1899
1781
1900
1782
1901
1783
1902
1784
1903
1785
1904
1786
1905
1787
1906
1788
1907
1789
1908
1790
1909
1791
1910
1792
1911
1793
1912
1794
1913
1795
1914
1796
1915
1797
1916
1798
1917
1799
1918
1919
4752
1801
1920
1802
1921
1803
1922
1804
1923
1805
1924
1806
1925
1807
1926
1808
1927
1809
1928
1810
1929
1811
1930
1812
1931
1813
1932
1814
1933
1815
1934
1816
1935
1817
1936
1818
1937
1819
1938
1820
1939
1821
1940
1822
1941
1823
1942
1824
1943
1825
1944
1826
1945
1827
1946
1828
1947
1829
1948
1830
1949
1831
1950
1832
1951
1833
1952
1834
1953
1835
1954
1836
1955
1837
1956
1838
1957
1839
1958
1840
1959
1841
1960
1842
1961
1843
1962
1844
1963
1845
1964
1846
1965
1847
1966
1848
1967
1849
1968
1850
1969
1851
1970
1852
1971
1853
1972
1854
1973
1855
1974
1856
1975
1857
1976
1858
1977
1859
1978
1860
1979
1861
1980
1862
1981
1863
1982
1864
1983
1865
1984
1866
1985
1867
1986
1868
1987
1869
1988
1870
1989
1871
1990
1872
1991
1873
1992
1874
1993
1875
1994
1876
1995
1877
1996
1878
1997
1879
1998
1880
1999
1881
2000
1882
2001
1883
2002
1884
2003
1885
2004
1886
2005
1887
2006
1888
2007
1889
2008
1890
2009
1891
2010
1892
2011
1893
2012
1894
2013
1895
2014
1896
2015
1897
2016
1898
2017
1899
2018
1900
2019
1901
2020
1902
2021
1903
2022
1904
2023
1905
2024
1906
2025
1907
2026
1908
2027
1909
2028
1910
2029
1911
2030
1912
2031
1913
2032
1914
2033
1915
2034
1916
2035
1917
2036
1918
2037
1919
2038
2039
4768
1921
2040
1922
2041
1923
2042
1924
2043
1925
2044
1926
2045
1927
2046
1928
2047
1929
2048
1930
2049
1931
2050
1932
2051
1933
2052
1934
2053
1935
2054
1936
2055
1937
2056
1938
2057
1939
2058
1940
2059
1941
2060
1942
2061
1943
2062
1944
2063
1945
2064
1946
2065
1947
2066
1948
2067
1949
2068
1950
2069
1951
2070
1952
2071
1953
2072
1954
2073
1955
2074
1956
2075
1957
2076
1958
2077
1959
2078
1960
2079
1961
2080
1962
2081
1963
2082
1964
2083
1965
2084
1966
2085
1967
2086
1968
2087
1969
2088
1970
2089
1971
2090
1972
2091
1973
2092
1974
2093
1975
2094
1976
2095
1977
2096
1978
2097
1979
2098
1980
2099
1981
2100
1982
2101
1983
2102
1984
2103
1985
2104
1986
2105
1987
2106
1988
2107
1989
2108
1990
2109
1991
2110
1992
2111
1993
2112
1994
2113
1995
2114
1996
2115
1997
2116
1998
2117
1999
2118
2000
2119
2001
2120
2002
2121
2003
2122
2004
2123
2005
2124
2006
2125
2007
2126
2008
2127
2009
2128
2010
2129
2011
2130
2012
2131
2013
2132
2014
2133
2015
2134
2016
2135
2017
2136
2018
2137
2019
2138
2020
2139
2021
2140
2022
2141
2023
2142
2024
2143
2025
2144
2026
2145
2027
2146
2028
2147
2029
2148
2030
2149
2031
2150
2032
2151
2033
2152
2034
2153
2035
2154
2036
2155
2037
2156
2038
2157
2039
2158
2159
4784
2041
2160
2042
2161
2043
2162
2044
2163
2045
2164
2046
2165
2047
2166
2048
2167
2049
2168
2050
2169
2051
2170
2052
2171
2053
2172
2054
2173
2055
2174
2056
2175
2057
2176
2058
2177
2059
2178
2060
2179
2061
2180
2062
2181
2063
2182
2064
2183
2065
2184
2066
2185
2067
2186
2068
2187
2069
2188
2070
2189
2071
2190
2072
2191
2073
2192
2074
2193
2075
2194
2076
2195
2077
2196
2078
2197
2079
2198
2080
2199
2081
2200
2082
2201
2083
2202
2084
2203
2085
2204
2086
2205
2087
2206
2088
2207
2089
2208
2090
2209
2091
2210
2092
2211
2093
2212
2094
2213
2095
2214
2096
2215
2097
2216
2098
2217
2099
2218
2100
2219
2101
2220
2102
2221
2103
2222
2104
2223
2105
2224
2106
2225
2107
2226
2108
2227
2109
2228
2110
2229
2111
2230
2112
2231
2113
2232
2114
2233
2115
2234
2116
2235
2117
2236
2118
2237
2119
2238
2120
2239
2121
2240
2122
2241
2123
2242
2124
2243
2125
2244
2126
2245
2127
2246
2128
2247
2129
2248
2130
2249
2131
2250
2132
2251
2133
2252
2134
2253
2135
2254
2136
2255
2137
2256
2138
2257
2139
2258
2140
2259
2141
2260
2142
2261
2143
2262
2144
2263
2145
2264
2146
2265
2147
2266
2148
2267
2149
2268
2150
2269
2151
2270
2152
2271
2153
2272
2154
2273
2155
2274
2156
2275
2157
2276
2158
2277
2159
2278
2279
4800
2161
2280
2162
2281
2163
2282
2164
2283
2165
2284
2166
2285
2167
2286
2168
2287
2169
2288
2170
2289
2171
2290
2172
2291
2173
2292
2174
2293
2175
2294
2176
2295
2177
2296
2178
2297
2179
2298
2180
2299
2181
2300
2182
2301
2183
2302
2184
2303
2185
2304
2186
2305
2187
2306
2188
2307
2189
2308
2190
2309
2191
2310
2192
2311
2193
2312
2194
2313
2195
2314
2196
2315
2197
2316
2198
2317
2199
2318
2200
2319
2201
2320
2202
2321
2203
2322
2204
2323
2205
2324
2206
2325
2207
2326
2208
2327
2209
2328
2210
2329
2211
2330
2212
2331
2213
2332
2214
2333
2215
2334
2216
2335
2217
2336
2218
2337
2219
2338
2220
2339
2221
2340
2222
2341
2223
2342
2224
2343
2225
2344
2226
2345
2227
2346
2228
2347
2229
2348
2230
2349
2231
2350
2232
2351
2233
2352
2234
2353
2235
2354
2236
2355
2237
2356
2238
2357
2239
2358
2240
2359
2241
2360
2242
2361
2243
2362
2244
2363
2245
2364
2246
2365
2247
2366
2248
2367
2249
2368
2250
2369
2251
2370
2252
2371
2253
2372
2254
2373
2255
2374
2256
2375
2257
2376
2258
2377
2259
2378
2260
2379
2261
2380
2262
2381
2263
2382
2264
2383
2265
2384
2266
2385
2267
2386
2268
2387
2269
2388
2270
2389
2271
2390
2272
2391
2273
2392
2274
2393
2275
2394
2276
2395
2277
2396
2278
2397
2279
2398
2399
4816
2281
2400
2282
2401
2283
2402
2284
2403
2285
2404
2286
2405
2287
2406
2288
2407
2289
2408
2290
2409
2291
2410
2292
2411
2293
2412
2294
2413
2295
2414
2296
2415
2297
2416
2298
2417
2299
2418
2300
2419
2301
2420
2302
2421
2303
2422
2304
2423
2305
2424
2306
2425
2307
2426
2308
2427
2309
2428
2310
2429
2311
2430
2312
2431
2313
2432
2314
2433
2315
2434
2316
2435
2317
2436
2318
2437
2319
2438
2320
2439
2321
2440
2322
2441
2323
2442
2324
2443
2325
2444
2326
2445
2327
2446
2328
2447
2329
2448
2330
2449
2331
2450
2332
2451
2333
2452
2334
2453
2335
2454
2336
2455
2337
2456
2338
2457
2339
2458
2340
2459
2341
2460
2342
2461
2343
2462
2344
2463
2345
2464
2346
2465
2347
2466
2348
2467
2349
2468
2350
2469
2351
2470
2352
2471
2353
2472
2354
2473
2355
2474
2356
2475
2357
2476
2358
2477
2359
2478
2360
2479
2361
2480
2362
2481
2363
2482
2364
2483
2365
2484
2366
2485
2367
2486
2368
2487
2369
2488
2370
2489
2371
2490
2372
2491
2373
2492
2374
2493
2375
2494
2376
2495
2377
2496
2378
2497
2379
2498
2380
2499
2381
2500
2382
2501
2383
2502
2384
2503
2385
2504
2386
2505
2387
2506
2388
2507
2389
2508
2390
2509
2391
2510
2392
2511
2393
2512
2394
2513
2395
2514
2396
2515
2397
2516
2398
2517
2399
2518
2519
4832
2401
2520
2402
2521
2403
2522
2404
2523
2405
2524
2406
2525
2407
2526
2408
2527
2409
2528
2410
2529
2411
2530
2412
2531
2413
2532
2414
2533
2415
2534
2416
2535
2417
2536
2418
2537
2419
2538
2420
2539
2421
2540
2422
2541
2423
2542
2424
2543
2425
2544
2426
2545
2427
2546
2428
2547
2429
2548
2430
2549
2431
2550
2432
2551
2433
2552
2434
2553
2435
2554
2436
2555
2437
2556
2438
2557
2439
2558
2440
2559
2441
2560
2442
2561
2443
2562
2444
2563
2445
2564
2446
2565
2447
2566
2448
2567
2449
2568
2450
2569
2451
2570
2452
2571
2453
2572
2454
2573
2455
2574
2456
2575
2457
2576
2458
2577
2459
2578
2460
2579
2461
2580
2462
2581
2463
2582
2464
2583
2465
2584
2466
2585
2467
2586
2468
2587
2469
2588
2470
2589
2471
2590
2472
2591
2473
2592
2474
2593
2475
2594
2476
2595
2477
2596
2478
2597
2479
2598
2480
2599
2481
2600
2482
2601
2483
2602
2484
2603
2485
2604
2486
2605
2487
2606
2488
2607
2489
2608
2490
2609
2491
2610
2492
2611
2493
2612
2494
2613
2495
2614
2496
2615
2497
2616
2498
2617
2499
2618
2500
2619
2501
2620
2502
2621
2503
2622
2504
2623
2505
2624
2506
2625
2507
2626
2508
2627
2509
2628
2510
2629
2511
2630
2512
2631
2513
2632
2514
2633
2515
2634
2516
2635
2517
2636
2518
2637
2519
2638
2639
4848
2521
2640
2522
2641
2523
2642
2524
2643
2525
2644
2526
2645
2527
2646
2528
2647
2529
2648
2530
2649
2531
2650
2532
2651
2533
2652
2534
2653
2535
2654
2536
2655
2537
2656
2538
2657
2539
2658
2540
2659
2541
2660
2542
2661
2543
2662
2544
2663
2545
2664
2546
2665
2547
2666
2548
2667
2549
2668
2550
2669
2551
2670
2552
2671
2553
2672
2554
2673
2555
2674
2556
2675
2557
2676
2558
2677
2559
2678
2560
2679
2561
2680
2562
2681
2563
2682
2564
2683
2565
2684
2566
2685
2567
2686
2568
2687
2569
2688
2570
2689
2571
2690
2572
2691
2573
2692
2574
2693
2575
2694
2576
2695
2577
2696
2578
2697
2579
2698
2580
2699
2581
2700
2582
2701
2583
2702
2584
2703
2585
2704
2586
2705
2587
2706
2588
2707
2589
2708
2590
2709
2591
2710
2592
2711
2593
2712
2594
2713
2595
2714
2596
2715
2597
2716
2598
2717
2599
2718
2600
2719
2601
2720
2602
2721
2603
2722
2604
2723
2605
2724
2606
2725
2607
2726
2608
2727
2609
2728
2610
2729
2611
2730
2612
2731
2613
2732
2614
2733
2615
2734
2616
2735
2617
2736
2618
2737
2619
2738
2620
2739
2621
2740
2622
2741
2623
2742
2624
2743
2625
2744
2626
2745
2627
2746
2628
2747
2629
2748
2630
2749
2631
2750
2632
2751
2633
2752
2634
2753
2635
2754
2636
2755
2637
2756
2638
2757
2639
2758
2759
4864
2641
2760
2642
2761
2643
2762
2644
2763
2645
2764
2646
2765
2647
2766
2648
2767
2649
2768
2650
2769
2651
2770
2652
2771
2653
2772
2654
2773
2655
2774
2656
2775
2657
2776
2658
2777
2659
2778
2660
2779
2661
2780
2662
2781
2663
2782
2664
2783
2665
2784
2666
2785
2667
2786
2668
2787
2669
2788
2670
2789
2671
2790
2672
2791
2673
2792
2674
2793
2675
2794
2676
2795
2677
2796
2678
2797
2679
2798
2680
2799
2681
2800
2682
2801
2683
2802
2684
2803
2685
2804
2686
2805
2687
2806
2688
2807
2689
2808
2690
2809
2691
2810
2692
2811
2693
2812
2694
2813
2695
2814
2696
2815
2697
2816
2698
2817
2699
2818
2700
2819
2701
2820
2702
2821
2703
2822
2704
2823
2705
2824
2706
2825
2707
2826
2708
2827
2709
2828
2710
2829
2711
2830
2712
2831
2713
2832
2714
2833
2715
2834
2716
2835
2717
2836
2718
2837
2719
2838
2720
2839
2721
2840
2722
2841
2723
2842
2724
2843
2725
2844
2726
2845
2727
2846
2728
2847
2729
2848
2730
2849
2731
2850
2732
2851
2733
2852
2734
2853
2735
2854
2736
2855
2737
2856
2738
2857
2739
2858
2740
2859
2741
2860
2742
2861
2743
2862
2744
2863
2745
2864
2746
2865
2747
2866
2748
2867
2749
2868
2750
2869
2751
2870
2752
2871
2753
2872
2754
2873
2755
2874
2756
2875
2757
2876
2758
2877
2759
2878
2879
4880
2761
2880
2762
2881
2763
2882
2764
2883
2765
2884
2766
2885
2767
2886
2768
2887
2769
2888
2770
2889
2771
2890
2772
2891
2773
2892
2774
2893
2775
2894
2776
2895
2777
2896
2778
2897
2779
2898
2780
2899
2781
2900
2782
2901
2783
2902
2784
2903
2785
2904
2786
2905
2787
2906
2788
2907
2789
2908
2790
2909
2791
2910
2792
2911
2793
2912
2794
2913
2795
2914
2796
2915
2797
2916
2798
2917
2799
2918
2800
2919
2801
2920
2802
2921
2803
2922
2804
2923
2805
2924
2806
2925
2807
2926
2808
2927
2809
2928
2810
2929
2811
2930
2812
2931
2813
2932
2814
2933
2815
2934
2816
2935
2817
2936
2818
2937
2819
2938
2820
2939
2821
2940
2822
2941
2823
2942
2824
2943
2825
2944
2826
2945
2827
2946
2828
2947
2829
2948
2830
2949
2831
2950
2832
2951
2833
2952
2834
2953
2835
2954
2836
2955
2837
2956
2838
2957
2839
2958
2840
2959
2841
2960
2842
2961
2843
2962
2844
2963
2845
2964
2846
2965
2847
2966
2848
2967
2849
2968
2850
2969
2851
2970
2852
2971
2853
2972
2854
2973
2855
2974
2856
2975
2857
2976
2858
2977
2859
2978
2860
2979
2861
2980
2862
2981
2863
2982
2864
2983
2865
2984
2866
2985
2867
2986
2868
2987
2869
2988
2870
2989
2871
2990
2872
2991
2873
2992
2874
2993
2875
2994
2876
2995
2877
2996
2878
2997
2879
2998
2999
4896
2881
3000
2882
3001
2883
3002
2884
3003
2885
3004
2886
3005
2887
3006
2888
3007
2889
3008
2890
3009
2891
3010
2892
3011
2893
3012
2894
3013
2895
3014
2896
3015
2897
3016
2898
3017
2899
3018
2900
3019
2901
3020
2902
3021
2903
3022
2904
3023
2905
3024
2906
3025
2907
3026
2908
3027
2909
3028
2910
3029
2911
3030
2912
3031
2913
3032
2914
3033
2915
3034
2916
3035
2917
3036
2918
3037
2919
3038
2920
3039
2921
3040
2922
3041
2923
3042
2924
3043
2925
3044
2926
3045
2927
3046
2928
3047
2929
3048
2930
3049
2931
3050
2932
3051
2933
3052
2934
3053
2935
3054
2936
3055
2937
3056
2938
3057
2939
3058
2940
3059
2941
3060
2942
3061
2943
3062
2944
3063
2945
3064
2946
3065
2947
3066
2948
3067
2949
3068
2950
3069
2951
3070
2952
3071
2953
3072
2954
3073
2955
3074
2956
3075
2957
3076
2958
3077
2959
3078
2960
3079
2961
3080
2962
3081
2963
3082
2964
3083
2965
3084
2966
3085
2967
3086
2968
3087
2969
3088
2970
3089
2971
3090
2972
3091
2973
3092
2974
3093
2975
3094
2976
3095
2977
3096
2978
3097
2979
3098
2980
3099
2981
3100
2982
3101
2983
3102
2984
3103
2985
3104
2986
3105
2987
3106
2988
3107
2989
3108
2990
3109
2991
3110
2992
3111
2993
3112
2994
3113
2995
3114
2996
3115
2997
3116
2998
3117
2999
3118
3119
4912
3001
3120
3002
3121
3003
3122
3004
3123
3005
3124
3006
3125
3007
3126
3008
3127
3009
3128
3010
3129
3011
3130
3012
3131
3013
3132
3014
3133
3015
3134
3016
3135
3017
3136
3018
3137
3019
3138
3020
3139
3021
3140
3022
3141
3023
3142
3024
3143
3025
3144
3026
3145
3027
3146
3028
3147
3029
3148
3030
3149
3031
3150
3032
3151
3033
3152
3034
3153
3035
3154
3036
3155
3037
3156
3038
3157
3039
3158
3040
3159
3041
3160
3042
3161
3043
3162
3044
3163
3045
3164
3046
3165
3047
3166
3048
3167
3049
3168
3050
3169
3051
3170
3052
3171
3053
3172
3054
3173
3055
3174
3056
3175
3057
3176
3058
3177
3059
3178
3060
3179
3061
3180
3062
3181
3063
3182
3064
3183
3065
3184
3066
3185
3067
3186
3068
3187
3069
3188
3070
3189
3071
3190
3072
3191
3073
3192
3074
3193
3075
3194
3076
3195
3077
3196
3078
3197
3079
3198
3080
3199
3081
3200
3082
3201
3083
3202
3084
3203
3085
3204
3086
3205
3087
3206
3088
3207
3089
3208
3090
3209
3091
3210
3092
3211
3093
3212
3094
3213
3095
3214
3096
3215
3097
3216
3098
3217
3099
3218
3100
3219
3101
3220
3102
3221
3103
3222
3104
3223
3105
3224
3106
3225
3107
3226
3108
3227
3109
3228
3110
3229
3111
3230
3112
3231
3113
3232
3114
3233
3115
3234
3116
3235
3117
3236
3118
3237
3119
3238
3239
4928
3121
3240
3122
3241
3123
3242
3124
3243
3125
3244
3126
3245
3127
3246
3128
3247
3129
3248
3130
3249
3131
3250
3132
3251
3133
3252
3134
3253
3135
3254
3136
3255
3137
3256
3138
3257
3139
3258
3140
3259
3141
3260
3142
3261
3143
3262
3144
3263
3145
3264
3146
3265
3147
3266
3148
3267
3149
3268
3150
3269
3151
3270
3152
3271
3153
3272
3154
3273
3155
3274
3156
3275
3157
3276
3158
3277
3159
3278
3160
3279
3161
3280
3162
3281
3163
3282
3164
3283
3165
3284
3166
3285
3167
3286
3168
3287
3169
3288
3170
3289
3171
3290
3172
3291
3173
3292
3174
3293
3175
3294
3176
3295
3177
3296
3178
3297
3179
3298
3180
3299
3181
3300
3182
3301
3183
3302
3184
3303
3185
3304
3186
3305
3187
3306
3188
3307
3189
3308
3190
3309
3191
3310
3192
3311
3193
3312
3194
3313
3195
3314
3196
3315
3197
3316
3198
3317
3199
3318
3200
3319
3201
3320
3202
3321
3203
3322
3204
3323
3205
3324
3206
3325
3207
3326
3208
3327
3209
3328
3210
3329
3211
3330
3212
3331
3213
3332
3214
3333
3215
3334
3216
3335
3217
3336
3218
3337
3219
3338
3220
3339
3221
3340
3222
3341
3223
3342
3224
3343
3225
3344
3226
3345
3227
3346
3228
3347
3229
3348
3230
3349
3231
3350
3232
3351
3233
3352
3234
3353
3235
3354
3236
3355
3237
3356
3238
3357
3239
3358
3359
4944
3241
3360
3242
3361
3243
3362
3244
3363
3245
3364
3246
3365
3247
3366
3248
3367
3249
3368
3250
3369
3251
3370
3252
3371
3253
3372
3254
3373
3255
3374
3256
3375
3257
3376
3258
3377
3259
3378
3260
3379
3261
3380
3262
3381
3263
3382
3264
3383
3265
3384
3266
3385
3267
3386
3268
3387
3269
3388
3270
3389
3271
3390
3272
3391
3273
3392
3274
3393
3275
3394
3276
3395
3277
3396
3278
3397
3279
3398
3280
3399
3281
3400
3282
3401
3283
3402
3284
3403
3285
3404
3286
3405
3287
3406
3288
3407
3289
3408
3290
3409
3291
3410
3292
3411
3293
3412
3294
3413
3295
3414
3296
3415
3297
3416
3298
3417
3299
3418
3300
3419
3301
3420
3302
3421
3303
3422
3304
3423
3305
3424
3306
3425
3307
3426
3308
3427
3309
3428
3310
3429
3311
3430
3312
3431
3313
3432
3314
3433
3315
3434
3316
3435
3317
3436
3318
3437
3319
3438
3320
3439
3321
3440
3322
3441
3323
3442
3324
3443
3325
3444
3326
3445
3327
3446
3328
3447
3329
3448
3330
3449
3331
3450
3332
3451
3333
3452
3334
3453
3335
3454
3336
3455
3337
3456
3338
3457
3339
3458
3340
3459
3341
3460
3342
3461
3343
3462
3344
3463
3345
3464
3346
3465
3347
3466
3348
3467
3349
3468
3350
3469
3351
3470
3352
3471
3353
3472
3354
3473
3355
3474
3356
3475
3357
3476
3358
3477
3359
3478
3479
4960
3361
3480
3362
3481
3363
3482
3364
3483
3365
3484
3366
3485
3367
3486
3368
3487
3369
3488
3370
3489
3371
3490
3372
3491
3373
3492
3374
3493
3375
3494
3376
3495
3377
3496
3378
3497
3379
3498
3380
3499
3381
3500
3382
3501
3383
3502
3384
3503
3385
3504
3386
3505
3387
3506
3388
3507
3389
3508
3390
3509
3391
3510
3392
3511
3393
3512
3394
3513
3395
3514
3396
3515
3397
3516
3398
3517
3399
3518
3400
3519
3401
3520
3402
3521
3403
3522
3404
3523
3405
3524
3406
3525
3407
3526
3408
3527
3409
3528
3410
3529
3411
3530
3412
3531
3413
3532
3414
3533
3415
3534
3416
3535
3417
3536
3418
3537
3419
3538
3420
3539
3421
3540
3422
3541
3423
3542
3424
3543
3425
3544
3426
3545
3427
3546
3428
3547
3429
3548
3430
3549
3431
3550
3432
3551
3433
3552
3434
3553
3435
3554
3436
3555
3437
3556
3438
3557
3439
3558
3440
3559
3441
3560
3442
3561
3443
3562
3444
3563
3445
3564
3446
3565
3447
3566
3448
3567
3449
3568
3450
3569
3451
3570
3452
3571
3453
3572
3454
3573
3455
3574
3456
3575
3457
3576
3458
3577
3459
3578
3460
3579
3461
3580
3462
3581
3463
3582
3464
3583
3465
3584
3466
3585
3467
3586
3468
3587
3469
3588
3470
3589
3471
3590
3472
3591
3473
3592
3474
3593
3475
3594
3476
3595
3477
3596
3478
3597
3479
3598
3599
4976
3481
3600
3482
3601
3483
3602
3484
3603
3485
3604
3486
3605
3487
3606
3488
3607
3489
3608
3490
3609
3491
3610
3492
3611
3493
3612
3494
3613
3495
3614
3496
3615
3497
3616
3498
3617
3499
3618
3500
3619
3501
3620
3502
3621
3503
3622
3504
3623
3505
3624
3506
3625
3507
3626
3508
3627
3509
3628
3510
3629
3511
3630
3512
3631
3513
3632
3514
3633
3515
3634
3516
3635
3517
3636
3518
3637
3519
3638
3520
3639
3521
3640
3522
3641
3523
3642
3524
3643
3525
3644
3526
3645
3527
3646
3528
3647
3529
3648
3530
3649
3531
3650
3532
3651
3533
3652
3534
3653
3535
3654
3536
3655
3537
3656
3538
3657
3539
3658
3540
3659
3541
3660
3542
3661
3543
3662
3544
3663
3545
3664
3546
3665
3547
3666
3548
3667
3549
3668
3550
3669
3551
3670
3552
3671
3553
3672
3554
3673
3555
3674
3556
3675
3557
3676
3558
3677
3559
3678
3560
3679
3561
3680
3562
3681
3563
3682
3564
3683
3565
3684
3566
3685
3567
3686
3568
3687
3569
3688
3570
3689
3571
3690
3572
3691
3573
3692
3574
3693
3575
3694
3576
3695
3577
3696
3578
3697
3579
3698
3580
3699
3581
3700
3582
3701
3583
3702
3584
3703
3585
3704
3586
3705
3587
3706
3588
3707
3589
3708
3590
3709
3591
3710
3592
3711
3593
3712
3594
3713
3595
3714
3596
3715
3597
3716
3598
3717
3599
3718
3719
4992
3601
3720
3602
3721
3603
3722
3604
3723
3605
3724
3606
3725
3607
3726
3608
3727
3609
3728
3610
3729
3611
3730
3612
3731
3613
3732
3614
3733
3615
3734
3616
3735
3617
3736
3618
3737
3619
3738
3620
3739
3621
3740
3622
3741
3623
3742
3624
3743
3625
3744
3626
3745
3627
3746
3628
3747
3629
3748
3630
3749
3631
3750
3632
3751
3633
3752
3634
3753
3635
3754
3636
3755
3637
3756
3638
3757
3639
3758
3640
3759
3641
3760
3642
3761
3643
3762
3644
3763
3645
3764
3646
3765
3647
3766
3648
3767
3649
3768
3650
3769
3651
3770
3652
3771
3653
3772
3654
3773
3655
3774
3656
3775
3657
3776
3658
3777
3659
3778
3660
3779
3661
3780
3662
3781
3663
3782
3664
3783
3665
3784
3666
3785
3667
3786
3668
3787
3669
3788
3670
3789
3671
3790
3672
3791
3673
3792
3674
3793
3675
3794
3676
3795
3677
3796
3678
3797
3679
3798
3680
3799
3681
3800
3682
3801
3683
3802
3684
3803
3685
3804
3686
3805
3687
3806
3688
3807
3689
3808
3690
3809
3691
3810
3692
3811
3693
3812
3694
3813
3695
3814
3696
3815
3697
3816
3698
3817
3699
3818
3700
3819
3701
3820
3702
3821
3703
3822
3704
3823
3705
3824
3706
3825
3707
3826
3708
3827
3709
3828
3710
3829
3711
3830
3712
3831
3713
3832
3714
3833
3715
3834
3716
3835
3717
3836
3718
3837
3719
3838
3839
5008
3721
3840
3722
3841
3723
3842
3724
3843
3725
3844
3726
3845
3727
3846
3728
3847
3729
3848
3730
3849
3731
3850
3732
3851
3733
3852
3734
3853
3735
3854
3736
3855
3737
3856
3738
3857
3739
3858
3740
3859
3741
3860
3742
3861
3743
3862
3744
3863
3745
3864
3746
3865
3747
3866
3748
3867
3749
3868
3750
3869
3751
3870
3752
3871
3753
3872
3754
3873
3755
3874
3756
3875
3757
3876
3758
3877
3759
3878
3760
3879
3761
3880
3762
3881
3763
3882
3764
3883
3765
3884
3766
3885
3767
3886
3768
3887
3769
3888
3770
3889
3771
3890
3772
3891
3773
3892
3774
3893
3775
3894
3776
3895
3777
3896
3778
3897
3779
3898
3780
3899
3781
3900
3782
3901
3783
3902
3784
3903
3785
3904
3786
3905
3787
3906
3788
3907
3789
3908
3790
3909
3791
3910
3792
3911
3793
3912
3794
3913
3795
3914
3796
3915
3797
3916
3798
3917
3799
3918
3800
3919
3801
3920
3802
3921
3803
3922
3804
3923
3805
3924
3806
3925
3807
3926
3808
3927
3809
3928
3810
3929
3811
3930
3812
3931
3813
3932
3814
3933
3815
3934
3816
3935
3817
3936
3818
3937
3819
3938
3820
3939
3821
3940
3822
3941
3823
3942
3824
3943
3825
3944
3826
3945
3827
3946
3828
3947
3829
3948
3830
3949
3831
3950
3832
3951
3833
3952
3834
3953
3835
3954
3836
3955
3837
3956
3838
3957
3839
3958
3959
5024
3841
3960
3842
3961
3843
3962
3844
3963
3845
3964
3846
3965
3847
3966
3848
3967
3849
3968
3850
3969
3851
3970
3852
3971
3853
3972
3854
3973
3855
3974
3856
3975
3857
3976
3858
3977
3859
3978
3860
3979
3861
3980
3862
3981
3863
3982
3864
3983
3865
3984
3866
3985
3867
3986
3868
3987
3869
3988
3870
3989
3871
3990
3872
3991
3873
3992
3874
3993
3875
3994
3876
3995
3877
3996
3878
3997
3879
3998
3880
3999
3881
4000
3882
4001
3883
4002
3884
4003
3885
4004
3886
4005
3887
4006
3888
4007
3889
4008
3890
4009
3891
4010
3892
4011
3893
4012
3894
4013
3895
4014
3896
4015
3897
4016
3898
4017
3899
4018
3900
4019
3901
4020
3902
4021
3903
4022
3904
4023
3905
4024
3906
4025
3907
4026
3908
4027
3909
4028
3910
4029
3911
4030
3912
4031
3913
4032
3914
4033
3915
4034
3916
4035
3917
4036
3918
4037
3919
4038
3920
4039
3921
4040
3922
4041
3923
4042
3924
4043
3925
4044
3926
4045
3927
4046
3928
4047
3929
4048
3930
4049
3931
4050
3932
4051
3933
4052
3934
4053
3935
4054
3936
4055
3937
4056
3938
4057
3939
4058
3940
4059
3941
4060
3942
4061
3943
4062
3944
4063
3945
4064
3946
4065
3947
4066
3948
4067
3949
4068
3950
4069
3951
4070
3952
4071
3953
4072
3954
4073
3955
4074
3956
4075
3957
4076
3958
4077
3959
4078
4079
5040
3961
4080
3962
4081
3963
4082
3964
4083
3965
4084
3966
4085
3967
4086
3968
4087
3969
4088
3970
4089
3971
4090
3972
4091
3973
4092
3974
4093
3975
4094
3976
4095
3977
4096
3978
4097
3979
4098
3980
4099
3981
4100
3982
4101
3983
4102
3984
4103
3985
4104
3986
4105
3987
4106
3988
4107
3989
4108
3990
4109
3991
4110
3992
4111
3993
4112
3994
4113
3995
4114
3996
4115
3997
4116
3998
4117
3999
4118
4000
4119
4001
4120
4002
4121
4003
4122
4004
4123
4005
4124
4006
4125
4007
4126
4008
4127
4009
4128
4010
4129
4011
4130
4012
4131
4013
4132
4014
4133
4015
4134
4016
4135
4017
4136
4018
4137
4019
4138
4020
4139
4021
4140
4022
4141
4023
4142
4024
4143
4025
4144
4026
4145
4027
4146
4028
4147
4029
4148
4030
4149
4031
4150
4032
4151
4033
4152
4034
4153
4035
4154
4036
4155
4037
4156
4038
4157
4039
4158
4040
4159
4041
4160
4042
4161
4043
4162
4044
4163
4045
4164
4046
4165
4047
4166
4048
4167
4049
4168
4050
4169
4051
4170
4052
4171
4053
4172
4054
4173
4055
4174
4056
4175
4057
4176
4058
4177
4059
4178
4060
4179
4061
4180
4062
4181
4063
4182
4064
4183
4065
4184
4066
4185
4067
4186
4068
4187
4069
4188
4070
4189
4071
4190
4072
4191
4073
4192
4074
4193
4075
4194
4076
4195
4077
4196
4078
4197
4079
4198
4199
5056
4081
4200
4082
4201
4083
4202
4084
4203
4085
4204
4086
4205
4087
4206
4088
4207
4089
4208
4090
4209
4091
4210
4092
4211
4093
4212
4094
4213
4095
4214
4096
4215
4097
4216
4098
4217
4099
4218
4100
4219
4101
4220
4102
4221
4103
4222
4104
4223
4105
4224
4106
4225
4107
4226
4108
4227
4109
4228
4110
4229
4111
4230
4112
4231
4113
4232
4114
4233
4115
4234
4116
4235
4117
4236
4118
4237
4119
4238
4120
4239
4121
4240
4122
4241
4123
4242
4124
4243
4125
4244
4126
4245
4127
4246
4128
4247
4129
4248
4130
4249
4131
4250
4132
4251
4133
4252
4134
4253
4135
4254
4136
4255
4137
4256
4138
4257
4139
4258
4140
4259
4141
4260
4142
4261
4143
4262
4144
4263
4145
4264
4146
4265
4147
4266
4148
4267
4149
4268
4150
4269
4151
4270
4152
4271
4153
4272
4154
4273
4155
4274
4156
4275
4157
4276
4158
4277
4159
4278
4160
4279
4161
4280
4162
4281
4163
4282
4164
4283
4165
4284
4166
4285
4167
4286
4168
4287
4169
4288
4170
4289
4171
4290
4172
4291
4173
4292
4174
4293
4175
4294
4176
4295
4177
4296
4178
4297
4179
4298
4180
4299
4181
4300
4182
4301
4183
4302
4184
4303
4185
4304
4186
4305
4187
4306
4188
4307
4189
4308
4190
4309
4191
4310
4192
4311
4193
4312
4194
4313
4195
4314
4196
4315
4197
4316
4198
4317
4199
4318
4319
5072
4201
4320
4202
4321
4203
4322
4204
4323
4205
4324
4206
4325
4207
4326
4208
4327
4209
4328
4210
4329
4211
4330
4212
4331
4213
4332
4214
4333
4215
4334
4216
4335
4217
4336
4218
4337
4219
4338
4220
4339
4221
4340
4222
4341
4223
4342
4224
4343
4225
4344
4226
4345
4227
4346
4228
4347
4229
4348
4230
4349
4231
4350
4232
4351
4233
4352
4234
4353
4235
4354
4236
4355
4237
4356
4238
4357
4239
4358
4240
4359
4241
4360
4242
4361
4243
4362
4244
4363
4245
4364
4246
4365
4247
4366
4248
4367
4249
4368
4250
4369
4251
4370
4252
4371
4253
4372
4254
4373
4255
4374
4256
4375
4257
4376
4258
4377
4259
4378
4260
4379
4261
4380
4262
4381
4263
4382
4264
4383
4265
4384
4266
4385
4267
4386
4268
4387
4269
4388
4270
4389
4271
4390
4272
4391
4273
4392
4274
4393
4275
4394
4276
4395
4277
4396
4278
4397
4279
4398
4280
4399
4281
4400
4282
4401
4283
4402
4284
4403
4285
4404
4286
4405
4287
4406
4288
4407
4289
4408
4290
4409
4291
4410
4292
4411
4293
4412
4294
4413
4295
4414
4296
4415
4297
4416
4298
4417
4299
4418
4300
4419
4301
4420
4302
4421
4303
4422
4304
4423
4305
4424
4306
4425
4307
4426
4308
4427
4309
4428
4310
4429
4311
4430
4312
4431
4313
4432
4314
4433
4315
4434
4316
4435
4317
4436
4318
4437
4319
4438
4439
5088
4321
4440
4322
4441
4323
4442
4324
4443
4325
4444
4326
4445
4327
4446
4328
4447
4329
4448
4330
4449
4331
4450
4332
4451
4333
4452
4334
4453
4335
4454
4336
4455
4337
4456
4338
4457
4339
4458
4340
4459
4341
4460
4342
4461
4343
4462
4344
4463
4345
4464
4346
4465
4347
4466
4348
4467
4349
4468
4350
4469
4351
4470
4352
4471
4353
4472
4354
4473
4355
4474
4356
4475
4357
4476
4358
4477
4359
4478
4360
4479
4361
4480
4362
4481
4363
4482
4364
4483
4365
4484
4366
4485
4367
4486
4368
4487
4369
4488
4370
4489
4371
4490
4372
4491
4373
4492
4374
4493
4375
4494
4376
4495
4377
4496
4378
4497
4379
4498
4380
4499
4381
4500
4382
4501
4383
4502
4384
4503
4385
4504
4386
4505
4387
4506
4388
4507
4389
4508
4390
4509
4391
4510
4392
4511
4393
4512
4394
4513
4395
4514
4396
4515
4397
4516
4398
4517
4399
4518
4400
4519
4401
4520
4402
4521
4403
4522
4404
4523
4405
4524
4406
4525
4407
4526
4408
4527
4409
4528
4410
4529
4411
4530
4412
4531
4413
4532
4414
4533
4415
4534
4416
4535
4417
4536
4418
4537
4419
4538
4420
4539
4421
4540
4422
4541
4423
4542
4424
4543
4425
4544
4426
4545
4427
4546
4428
4547
4429
4548
4430
4549
4431
4550
4432
4551
4433
4552
4434
4553
4435
4554
4436
4555
4437
4556
4438
4557
4439
4558
4559
5104
4441
4442
4443
4444
4445
4446
4447
4448
4449
4450
4451
4452
4453
4454
4455
4456
4457
4458
4459
4460
4461
4462
4463
4464
4465
4466
4467
4468
4469
4470
4471
4472
4473
4474
4475
4476
4477
4478
4479
4480
4481
4482
4483
4484
4485
4486
4487
4488
4489
4490
4491
4492
4493
4494
4495
4496
4497
4498
4499
4500
4501
4502
4503
4504
4505
4506
4507
4508
4509
4510
4511
4512
4513
4514
4515
4516
4517
4518
4519
4520
4521
4522
4523
4524
4525
4526
4527
4528
4529
4530
4531
4532
4533
4534
4535
4536
4537
4538
4539
4540
4541
4542
4543
4544
4545
4546
4547
4548
4549
4550
4551
4552
4553
4554
4555
4556
4557
4558
4559
5120
4561
4576
4562
4577
4563
4578
4564
4579
4565
4580
4566
4581
4567
4582
4568
4583
4569
4584
4570
4585
4571
4586
4572
4587
4573
4588
4574
4589
4575
4590
4591
4577
4592
4578
4593
4579
4594
4580
4595
4581
4596
4582
4597
4583
4598
4584
4599
4585
4600
4586
4601
4587
4602
4588
4603
4589
4604
4590
4605
4591
4606
4607
4593
4608
4594
4609
4595
4610
4596
4611
4597
4612
4598
4613
4599
4614
4600
4615
4601
4616
4602
4617
4603
4618
4604
4619
4605
4620
4606
4621
4607
4622
4623
4609
4624
4610
4625
4611
4626
4612
4627
4613
4628
4614
4629
4615
4630
4616
4631
4617
4632
4618
4633
4619
4634
4620
4635
4621
4636
4622
4637
4623
4638
4639
4625
4640
4626
4641
4627
4642
4628
4643
4629
4644
4630
4645
4631
4646
4632
4647
4633
4648
4634
4649
4635
4650
4636
4651
4637
4652
4638
4653
4639
4654
4655
4641
4656
4642
4657
4643
4658
4644
4659
4645
4660
4646
4661
4647
4662
4648
4663
4649
4664
4650
4665
4651
4666
4652
4667
4653
4668
4654
4669
4655
4670
4671
4657
4672
4658
4673
4659
4674
4660
4675
4661
4676
4662
4677
4663
4678
4664
4679
4665
4680
4666
4681
4667
4682
4668
4683
4669
4684
4670
4685
4671
4686
4687
4673
4688
4674
4689
4675
4690
4676
4691
4677
4692
4678
4693
4679
4694
4680
4695
4681
4696
4682
4697
4683
4698
4684
4699
4685
4700
4686
4701
4687
4702
4703
4689
4704
4690
4705
4691
4706
4692
4707
4693
4708
4694
4709
4695
4710
4696
4711
4697
4712
4698
4713
4699
4714
4700
4715
4701
4716
4702
4717
4703
4718
4719
4705
4720
4706
4721
4707
4722
4708
4723
4709
4724
4710
4725
4711
4726
4712
4727
4713
4728
4714
4729
4715
4730
4716
4731
4717
4732
4718
4733
4719
4734
4735
4721
4736
4722
4737
4723
4738
4724
4739
4725
4740
4726
4741
4727
4742
4728
4743
4729
4744
4730
4745
4731
4746
4732
4747
4733
4748
4734
4749
4735
4750
4751
4737
4752
4738
4753
4739
4754
4740
4755
4741
4756
4742
4757
4743
4758
4744
4759
4745
4760
4746
4761
4747
4762
4748
4763
4749
4764
4750
4765
4751
4766
4767
4753
4768
4754
4769
4755
4770
4756
4771
4757
4772
4758
4773
4759
4774
4760
4775
4761
4776
4762
4777
4763
4778
4764
4779
4765
4780
4766
4781
4767
4782
4783
4769
4784
4770
4785
4771
4786
4772
4787
4773
4788
4774
4789
4775
4790
4776
4791
4777
4792
4778
4793
4779
4794
4780
4795
4781
4796
4782
4797
4783
4798
4799
4785
4800
4786
4801
4787
4802
4788
4803
4789
4804
4790
4805
4791
4806
4792
4807
4793
4808
4794
4809
4795
4810
4796
4811
4797
4812
4798
4813
4799
4814
4815
4801
4816
4802
4817
4803
4818
4804
4819
4805
4820
4806
4821
4807
4822
4808
4823
4809
4824
4810
4825
4811
4826
4812
4827
4813
4828
4814
4829
4815
4830
4831
4817
4832
4818
4833
4819
4834
4820
4835
4821
4836
4822
4837
4823
4838
4824
4839
4825
4840
4826
4841
4827
4842
4828
4843
4829
4844
4830
4845
4831
4846
4847
4833
4848
4834
4849
4835
4850
4836
4851
4837
4852
4838
4853
4839
4854
4840
4855
4841
4856
4842
4857
4843
4858
4844
4859
4845
4860
4846
4861
4847
4862
4863
4849
4864
4850
4865
4851
4866
4852
4867
4853
4868
4854
4869
4855
4870
4856
4871
4857
4872
4858
4873
4859
4874
4860
4875
4861
4876
4862
4877
4863
4878
4879
4865
4880
4866
4881
4867
4882
4868
4883
4869
4884
4870
4885
4871
4886
4872
4887
4873
4888
4874
4889
4875
4890
4876
4891
4877
4892
4878
4893
4879
4894
4895
4881
4896
4882
4897
4883
4898
4884
4899
4885
4900
4886
4901
4887
4902
4888
4903
4889
4904
4890
4905
4891
4906
4892
4907
4893
4908
4894
4909
4895
4910
4911
4897
4912
4898
4913
4899
4914
4900
4915
4901
4916
4902
4917
4903
4918
4904
4919
4905
4920
4906
4921
4907
4922
4908
4923
4909
4924
4910
4925
4911
4926
4927
4913
4928
4914
4929
4915
4930
4916
4931
4917
4932
4918
4933
4919
4934
4920
4935
4921
4936
4922
4937
4923
4938
4924
4939
4925
4940
4926
4941
4927
4942
4943
4929
4944
4930
4945
4931
4946
4932
4947
4933
4948
4934
4949
4935
4950
4936
4951
4937
4952
4938
4953
4939
4954
4940
4955
4941
4956
4942
4957
4943
4958
4959
4945
4960
4946
4961
4947
4962
4948
4963
4949
4964
4950
4965
4951
4966
4952
4967
4953
4968
4954
4969
4955
4970
4956
4971
4957
4972
4958
4973
4959
4974
4975
4961
4976
4962
4977
4963
4978
4964
4979
4965
4980
4966
4981
4967
4982
4968
4983
4969
4984
4970
4985
4971
4986
4972
4987
4973
4988
4974
4989
4975
4990
4991
4977
4992
4978
4993
4979
4994
4980
4995
4981
4996
4982
4997
4983
4998
4984
4999
4985
5000
4986
5001
4987
5002
4988
5003
4989
5004
4990
5005
4991
5006
5007
4993
5008
4994
5009
4995
5010
4996
5011
4997
5012
4998
5013
4999
5014
5000
5015
5001
5016
5002
5017
5003
5018
5004
5019
5005
5020
5006
5021
5007
5022
5023
5009
5024
5010
5025
5011
5026
5012
5027
5013
5028
5014
5029
5015
5030
5016
5031
5017
5032
5018
5033
5019
5034
5020
5035
5021
5036
5022
5037
5023
5038
5039
5025
5040
5026
5041
5027
5042
5028
5043
5029
5044
5030
5045
5031
5046
5032
5047
5033
5048
5034
5049
5035
5050
5036
5051
5037
5052
5038
5053
5039
5054
5055
5041
5056
5042
5057
5043
5058
5044
5059
5045
5060
5046
5061
5047
5062
5048
5063
5049
5064
5050
5065
5051
5066
5052
5067
5053
5068
5054
5069
5055
5070
5071
5057
5072
5058
5073
5059
5074
5060
5075
5061
5076
5062
5077
5063
5078
5064
5079
5065
5080
5066
5081
5067
5082
5068
5083
5069
5084
5070
5085
5071
5086
5087
5073
5088
5074
5089
5075
5090
5076
5091
5077
5092
5078
5093
5079
5094
5080
5095
5081
5096
5082
5097
5083
5098
5084
5099
5085
5100
5086
5101
5087
5102
5103
5089
5104
5090
5105
5091
5106
5092
5107
5093
5108
5094
5109
5095
5110
5096
5111
5097
5112
5098
5113
5099
5114
5100
5115
5101
5116
5102
5117
5103
5118
5119
5105
5120
5106
5121
5107
5122
5108
5123
5109
5124
5110
5125
5111
5126
5112
5127
5113
5128
5114
5129
5115
5130
5116
5131
5117
5132
5118
5133
5119
5134
5135
5121
5122
5123
5124
5125
5126
5127
5128
5129
5130
5131
5132
5133
5134
5135
)


// ************************************************************************* //
